date_time,site_name,posa_continent,user_location_country,user_location_region,user_location_city,orig_destination_distance,user_id,is_mobile,is_package,channel,srch_ci,srch_co,srch_adults_cnt,srch_children_cnt,srch_rm_cnt,srch_destination_id,srch_destination_type_id,is_booking,cnt,hotel_continent,hotel_country,hotel_market,hotel_cluster
2014-08-11 07:46:59,2,3,66,348,48862,2234.2641,12,0,1,9,2014-08-27,2014-08-31,2,0,1,8250,1,0,3,2,50,628,1
2014-08-11 08:22:12,2,3,66,348,48862,2234.2641,12,0,1,9,2014-08-29,2014-09-02,2,0,1,8250,1,1,1,2,50,628,1
2014-08-11 08:24:33,2,3,66,348,48862,2234.2641,12,0,0,9,2014-08-29,2014-09-02,2,0,1,8250,1,0,1,2,50,628,1
2014-08-09 18:05:16,2,3,66,442,35390,913.1932,93,0,0,3,2014-11-23,2014-11-28,2,0,1,14984,1,0,1,2,50,1457,80
2014-08-09 18:08:18,2,3,66,442,35390,913.6259,93,0,0,3,2014-11-23,2014-11-28,2,0,1,14984,1,0,1,2,50,1457,21
2014-08-09 18:13:12,2,3,66,442,35390,911.5142,93,0,0,3,2014-11-23,2014-11-28,2,0,1,14984,1,0,1,2,50,1457,92
2014-07-16 09:42:23,2,3,66,189,10067,,501,0,0,2,2014-08-01,2014-08-02,2,0,1,8267,1,0,2,2,50,675,41
2014-07-16 09:45:48,2,3,66,189,10067,,501,0,1,2,2014-08-01,2014-08-02,2,0,1,8267,1,0,1,2,50,675,41
2014-07-16 09:52:11,2,3,66,189,10067,,501,0,0,2,2014-08-01,2014-08-02,2,0,1,8267,1,0,1,2,50,675,69
2014-07-16 09:55:24,2,3,66,189,10067,,501,0,0,2,2014-08-01,2014-08-02,2,0,1,8267,1,0,1,2,50,675,70
2014-07-16 10:00:06,2,3,66,189,10067,,501,0,0,2,2014-08-01,2014-08-02,2,0,1,8267,1,0,1,2,50,675,98
2014-07-16 10:02:58,2,3,66,189,10067,,501,0,0,2,2014-08-01,2014-08-02,2,0,1,8267,1,0,1,2,50,675,10
2014-01-17 06:24:56,2,3,66,318,22418,420.6642,756,0,1,9,2014-04-17,2014-04-20,2,0,1,8291,1,0,5,2,50,191,18
2014-01-18 14:33:31,2,3,66,318,52078,,756,0,1,9,2014-04-16,2014-04-19,2,0,1,8291,1,0,1,2,50,191,28
2014-01-21 06:39:08,2,3,66,318,22418,421.8551,756,0,1,2,2014-04-17,2014-04-20,2,0,1,8291,1,0,1,2,50,191,25
2014-01-21 06:40:18,2,3,66,318,22418,421.8551,756,0,1,2,2014-04-18,2014-04-20,2,0,1,8291,1,0,1,2,50,191,25
2014-01-22 06:10:02,2,3,66,318,22418,421.8551,756,0,1,2,2014-04-18,2014-04-20,2,0,1,8291,1,0,1,2,50,191,25
2014-01-24 11:52:04,2,3,66,318,22418,421.8551,756,0,1,9,2014-04-17,2014-04-19,2,0,1,8291,1,0,1,2,50,191,25
2014-01-24 17:26:24,2,3,66,318,52078,,756,0,1,9,2014-04-17,2014-04-19,2,0,1,8291,1,0,1,2,50,191,25
2014-02-27 17:44:23,2,3,66,318,52078,,756,0,1,4,2014-04-17,2014-04-19,2,0,1,8291,1,0,1,2,50,191,2
2014-02-27 18:01:32,2,3,66,318,52078,,756,0,1,4,2014-04-18,2014-04-20,2,0,1,8291,1,1,1,2,50,191,2
2014-12-30 09:50:51,2,3,66,318,21655,,756,0,1,2,2015-02-06,2015-02-08,1,0,1,12193,6,0,2,2,50,406,16
2014-12-30 09:55:43,2,3,66,318,21655,,756,0,1,2,2015-02-06,2015-02-08,1,0,1,12193,6,0,2,2,50,406,16
2014-12-30 09:56:26,2,3,66,318,21655,,756,0,1,2,2015-02-06,2015-02-08,1,0,1,12193,6,0,1,2,50,406,94
2014-10-22 12:20:56,2,3,66,318,52997,47.7027,776,0,0,9,2014-10-25,2014-10-26,2,0,1,27082,6,0,2,2,50,641,77
2014-11-10 12:38:02,2,3,66,318,48382,1753.2617,776,0,1,9,2015-01-22,2015-01-24,1,0,1,8250,1,0,1,2,50,628,24
2013-06-15 15:10:49,30,4,195,548,56440,,1048,0,1,9,2013-09-07,2013-09-15,2,0,1,1385,1,0,1,0,185,185,58
2013-06-15 15:38:05,30,4,195,548,56440,,1048,0,1,9,2013-09-06,2013-09-14,2,0,1,1385,1,1,1,0,185,185,58
2014-11-22 14:32:46,30,4,195,991,47725,,1048,0,0,9,2015-06-26,2015-06-28,2,0,1,8803,1,0,1,3,151,69,36
2014-11-22 14:37:05,30,4,195,991,47725,,1048,0,0,9,2015-06-26,2015-06-28,2,0,1,8803,1,0,1,3,151,69,82
2014-11-22 16:55:21,30,4,195,991,47725,,1048,0,0,9,2015-06-26,2015-06-28,2,0,1,8803,1,0,1,3,151,69,46
2014-11-22 16:59:09,30,4,195,991,47725,,1048,1,0,9,2015-06-26,2015-06-28,2,0,1,8803,1,0,2,3,151,69,30
2014-11-22 17:02:39,30,4,195,991,47725,,1048,1,0,9,2015-06-26,2015-06-28,2,0,1,8803,1,0,1,3,151,69,36
2014-11-22 17:04:34,30,4,195,991,47725,,1048,1,0,9,2015-06-26,2015-06-28,2,0,1,8803,1,0,1,3,151,69,29
2014-11-22 17:05:34,30,4,195,991,47725,,1048,1,0,9,2015-06-26,2015-06-28,2,0,1,8803,1,0,1,3,151,69,57
2014-11-22 17:07:20,30,4,195,991,47725,,1048,1,0,9,2015-06-26,2015-06-28,2,0,1,8803,1,0,1,3,151,69,29
2014-11-22 19:56:54,30,4,195,991,47725,,1048,1,0,9,2015-06-26,2015-06-28,2,0,1,8803,1,0,1,3,151,69,46
2014-11-22 20:38:49,30,4,195,991,47725,,1048,1,0,9,2015-06-26,2015-06-28,2,0,1,8803,1,0,1,3,151,69,30
2014-11-22 20:43:22,30,4,195,991,47725,,1048,1,0,9,2015-06-26,2015-06-28,2,0,1,8803,1,0,1,3,151,69,85
2014-11-22 20:45:05,30,4,195,991,47725,,1048,1,0,9,2015-06-26,2015-06-28,2,0,1,8803,1,0,1,3,151,69,46
2014-11-22 20:47:19,30,4,195,991,47725,,1048,1,0,9,2015-06-26,2015-06-28,2,0,1,8803,1,0,1,3,151,69,36
2014-11-22 20:50:34,30,4,195,991,47725,,1048,1,0,9,2015-06-26,2015-06-28,2,0,1,8803,1,0,1,3,151,69,36
2014-11-22 20:53:27,30,4,195,991,47725,,1048,1,0,9,2015-06-26,2015-06-28,2,0,1,8803,1,0,1,3,151,1236,82
2014-11-22 20:55:38,30,4,195,991,47725,,1048,1,0,9,2015-06-26,2015-06-28,2,0,1,8803,1,0,1,3,151,1197,5
2014-11-22 21:00:06,30,4,195,991,47725,,1048,1,0,9,2015-06-26,2015-06-28,2,0,1,8803,1,0,1,3,151,1197,29
2014-11-22 21:01:38,30,4,195,991,47725,,1048,1,0,9,2015-06-26,2015-06-28,2,0,1,8803,1,0,1,3,151,69,59
2014-11-22 21:10:53,30,4,195,991,47725,,1048,1,0,9,2015-06-26,2015-06-28,2,0,1,8803,1,0,1,3,151,69,29
2014-11-22 21:12:22,30,4,195,991,47725,,1048,1,0,9,2015-06-26,2015-06-28,2,0,1,8803,1,0,2,3,151,69,62
2014-11-22 21:15:06,30,4,195,991,47725,,1048,1,0,9,2015-06-26,2015-06-28,2,0,1,8803,1,0,1,3,151,69,81
2014-11-22 21:55:37,30,4,195,991,47725,,1048,1,0,9,2015-06-26,2015-06-28,2,0,1,8803,1,0,2,3,151,69,46
2014-11-22 22:00:24,30,4,195,991,47725,,1048,1,0,9,2015-06-26,2015-06-28,2,0,1,8803,1,0,1,3,151,69,59
2014-11-22 22:06:27,30,4,195,991,47725,,1048,1,0,9,2015-06-26,2015-06-28,2,0,1,8803,1,0,1,3,151,69,29
2014-11-22 22:09:20,30,4,195,991,47725,,1048,1,0,9,2015-06-26,2015-06-28,2,0,1,8803,1,0,2,3,151,1197,29
2014-11-22 22:20:13,30,4,195,991,47725,,1048,1,0,9,2015-06-26,2015-06-28,2,0,1,8803,1,0,2,3,151,69,36
2014-11-22 22:27:39,30,4,195,991,47725,,1048,1,0,9,2015-06-26,2015-06-28,2,0,1,8803,1,0,1,3,151,69,81
2014-11-22 22:29:15,30,4,195,991,47725,,1048,1,0,9,2015-06-26,2015-06-28,2,0,1,8803,1,0,2,3,151,69,29
2014-11-23 16:42:42,30,4,195,991,47725,,1048,0,0,9,2015-06-26,2015-06-28,2,0,1,8803,1,0,1,3,151,69,59
2014-11-23 16:48:34,30,4,195,991,47725,,1048,0,0,9,2015-06-26,2015-06-28,2,0,1,8803,1,0,1,3,151,69,36
2014-11-23 16:50:47,30,4,195,991,47725,,1048,0,0,9,2015-06-26,2015-06-28,2,0,1,8803,1,0,2,3,151,69,46
2014-11-23 16:56:16,30,4,195,991,47725,,1048,0,0,9,2015-06-26,2015-06-28,2,0,1,8803,1,0,1,3,151,69,36
2014-11-23 17:00:51,30,4,195,991,47725,,1048,0,0,9,2015-06-26,2015-06-28,2,0,1,8803,1,0,1,3,151,69,81
2014-11-23 17:06:12,30,4,195,991,47725,,1048,0,0,9,2015-06-26,2015-06-28,2,0,1,8803,1,0,1,3,151,69,6
2014-11-23 17:10:17,30,4,195,991,47725,,1048,0,0,9,2015-06-26,2015-06-28,2,0,1,8803,1,0,1,3,151,69,82
2014-11-23 17:16:36,30,4,195,991,47725,,1048,0,0,9,2015-06-26,2015-06-28,2,0,1,8803,1,0,1,3,151,1236,81
2014-11-23 17:17:42,30,4,195,991,47725,,1048,0,0,9,2015-06-26,2015-06-28,2,0,1,8803,1,0,1,3,151,1236,36
2014-11-23 17:18:41,30,4,195,991,47725,,1048,0,0,9,2015-06-26,2015-06-28,2,0,1,8803,1,0,1,3,151,69,29
2014-11-23 17:21:21,30,4,195,991,47725,,1048,0,0,9,2015-06-26,2015-06-28,2,0,1,8803,1,0,2,3,151,69,36
2014-11-23 17:38:24,30,4,195,991,47725,,1048,0,0,9,2015-06-26,2015-06-28,2,0,1,8803,1,0,1,3,151,1236,36
2014-11-23 17:39:02,30,4,195,991,47725,,1048,0,0,9,2015-06-26,2015-06-28,2,0,1,8803,1,0,1,3,151,69,29
2014-11-23 17:41:08,30,4,195,991,47725,,1048,0,0,9,2015-06-26,2015-06-28,2,0,1,8803,1,0,1,3,151,69,36
2014-11-23 17:48:10,30,4,195,991,47725,,1048,0,0,9,2015-06-26,2015-06-28,2,0,1,8803,1,0,1,3,151,69,36
2014-11-23 17:48:52,30,4,195,991,47725,,1048,0,0,9,2015-06-26,2015-06-28,2,0,1,8803,1,0,1,3,151,1236,53
2014-11-23 18:02:20,30,4,195,991,47725,,1048,0,0,9,2015-06-26,2015-06-28,2,0,1,8803,1,1,1,3,151,69,36
2014-12-28 21:43:49,30,4,195,991,20735,,1048,0,0,9,2015-07-13,2015-07-16,2,0,1,13474,4,0,1,6,204,27,8
2013-02-15 13:18:43,2,3,66,462,41898,2716.6746,1482,0,0,1,2013-02-24,2013-03-01,2,0,1,8857,1,0,1,2,50,214,28
2013-02-16 11:57:50,2,3,66,462,41898,2716.5257,1482,0,0,0,2013-02-24,2013-03-01,2,0,1,8857,1,0,1,2,50,214,73
2013-02-16 12:03:45,2,3,66,462,41898,2722.4856,1482,0,0,0,2013-02-24,2013-03-01,2,0,1,8857,1,0,1,2,50,214,26
2013-02-16 12:23:57,2,3,66,462,41898,2716.6746,1482,0,0,0,2013-03-01,2013-03-06,2,0,1,8857,1,0,1,2,50,214,28
2014-01-03 16:19:15,2,3,66,462,41898,2454.8588,1482,0,1,1,2014-02-21,2014-02-26,3,0,2,12009,1,0,1,2,50,680,95
2014-01-03 16:30:17,2,3,66,462,41898,2454.8588,1482,0,1,1,2014-02-22,2014-02-27,3,0,2,12009,1,1,1,2,50,680,95
2014-01-03 16:34:26,2,3,66,462,41898,2454.8588,1482,0,1,1,2014-02-21,2014-02-26,2,0,1,12009,1,0,1,2,50,680,95
2014-01-03 16:44:56,2,3,66,462,41898,2454.8588,1482,0,1,1,2014-02-22,2014-02-27,2,0,1,12009,1,1,1,2,50,680,95
2014-01-03 16:58:19,2,3,66,462,41898,2454.8588,1482,0,1,1,2014-02-23,2014-02-26,2,0,1,12009,1,0,1,2,50,680,95
2014-01-03 17:11:36,2,3,66,462,41898,2454.8588,1482,0,1,1,2014-02-24,2014-02-27,2,0,1,12009,1,1,1,2,50,680,95
2014-01-04 14:57:08,2,3,66,462,41898,2454.8588,1482,0,1,0,2014-02-21,2014-02-26,3,0,2,12009,1,0,1,2,50,680,95
2014-01-04 15:01:54,2,3,66,462,41898,2454.8588,1482,0,0,0,2014-02-21,2014-02-26,2,0,1,12009,1,0,1,2,50,680,95
2014-01-04 15:02:07,2,3,66,462,41898,2454.8588,1482,0,0,0,2014-02-22,2014-02-27,2,0,1,12009,1,0,2,2,50,680,95
2014-01-08 13:28:56,2,3,66,462,41898,2454.8588,1482,0,1,1,2014-02-21,2014-02-24,4,0,2,12009,1,0,1,2,50,680,95
2014-01-08 13:31:34,2,3,66,462,41898,2454.8588,1482,0,1,1,2014-02-21,2014-02-24,3,0,2,12009,1,0,1,2,50,680,95
2014-01-08 13:38:03,2,3,66,462,41898,2454.8588,1482,0,1,1,2014-02-21,2014-02-24,2,0,1,12009,1,0,3,2,50,680,95
2014-01-08 13:42:16,2,3,66,462,41898,2454.8588,1482,0,1,1,2014-02-21,2014-02-24,2,0,2,12009,1,0,1,2,50,680,95
2014-01-08 13:46:42,2,3,66,462,41898,2454.8588,1482,0,1,1,2014-02-21,2014-02-24,1,0,1,12009,1,0,1,2,50,680,95
2014-01-08 13:57:04,2,3,66,462,41898,2454.8588,1482,0,1,1,2014-02-21,2014-02-23,3,0,2,12009,1,0,1,2,50,680,95
2014-01-08 13:58:04,2,3,66,462,41898,2454.8588,1482,0,1,1,2014-02-21,2014-02-23,2,0,2,12009,1,0,1,2,50,680,95
2014-01-08 14:03:36,2,3,66,462,41898,2454.8588,1482,0,0,1,2014-02-22,2014-02-24,1,0,1,28494,6,0,1,2,50,680,95
2014-01-08 14:09:47,2,3,66,462,41898,2454.8588,1482,0,0,1,2014-02-22,2014-02-24,3,0,2,28494,6,0,1,2,50,680,95
2014-01-08 14:15:40,2,3,66,462,41898,2455.2272,1482,0,0,1,2014-02-22,2014-02-27,2,0,1,28494,6,0,4,2,50,680,77
2014-01-08 14:18:31,2,3,66,462,41898,2455.2272,1482,0,0,1,2014-02-22,2014-02-24,1,0,1,28494,6,0,4,2,50,680,77
